#!LABELT!#
100000    
100000    
100001    
100001    
100002    
100002    
100003    
100003    
100004    
100004    
100005    
100005    
100006    
100006    
100007    
100007    
100008    
100008    
#!LABELT!#
100009    
100009    
100010    
100010    
100011    
100011    
100012    
100012    
100013    
100013    
100014    
100014    
100015    
100015    
100016    
100016    
100017    
100017    
#!LABELT!#
100018    
100018    
100019    
100019    
100020    
100020    
100021    
100021    
100022    
100022    
100023    
100023    
100024    
100024    
100025    
100025    
100026    
100026    
#!LABELT!#
100027    
100027    
100028    
100028    
100029    
100029    
100030    
100030    
100031    
100031    
100032    
100032    
100033    
100033    
100034    
100034    
100035    
100035    
#!LABELT!#
100036    
100036    
100037    
100037    
100038    
100038    
100039    
100039    
100040    
100040    
100041    
100041    
100042    
100042    
100043    
100043    
100044    
100044    
#!LABELT!#
100045    
100045    
100046    
100046    
100047    
100047    
100048    
100048    
100049    
100049    
100050    
100050    
